R
0 0 0
15 0 0
15 0 14
0 0 14
N
0 1 0
T
1

R
0 0 0
15 0 0
15 18 0
0 18 0
N
0 0 1
T
2

R
0 0 0
0 18 0
0 18 14
0 0 14
N
1 0 0
T
1

R
0 18 0
15 18 0
15 18 14
0 18 14
N
0 -1 0
T
1

R
0 0 14
15 0 14
15 18 14
0 18 14
N
0 0 -1
T
6

R
15 0 0
15 18 0
15 18 14
15 0 14
N
-1 0 0
T
1

R
0 16 0
2 16 0
2 16 9
0 16 9
N
0 -1 0
T
7

R
2 16 0
2 16 9
2 18 9
2 18 0
N
1 0 0
T
7

R
0 16 9
2 16 9
2 18 9
0 18 9
N
0 0 1
T
7

R
12 16 0
15 16 0
15 16 9
12 16 9
N
0 -1 0
T
7

R
12 16 0
12 18 0
12 18 9
12 16 9
N
-1 0 0
T
7

R
12 16 9
15 16 9
15 18 9
12 18 9
N
0 0 1
T
7

R
0 6 0
15 6 0
15 6 11
0 6 11
N
0 1 0
T
1

R
0 0 11
15 0 11
15 6 11
0 6 11
N
0 0 1
T
2

R
0.01 6 0
0.01 18 0
0.01 18 14
0.01 6 14
N
1 0 0
T
3

R
0 0.01 11
15 0.01 11
15 0.01 14
0 0.01 14
N
0 1 0
T
3

R
12 6 0.01
12 16 0.01
15 16 0.01
15 6 0.01
N
1 0 0
T
3
